Subject ID: california-00000187-right-sync.csv

DataFrame Summary:
              unixTimes accelerometerX accelerometerY accelerometerZ gyroscopeX gyroscopeY gyroscopeZ      ledIR     ledRed   ledGreen tempObject
count        1091286.00      545133.00      545133.00      545133.00  545133.00  545133.00  545133.00  541776.00  541776.00  541776.00    4377.00
mean   1645090982078.83        -448.79         257.43        1475.89    -298.92    -131.93     125.90   92213.11  107885.69    6178.29     308.56
std          8189405.93        3192.68         480.08        1943.78     345.07     524.61     375.27   11113.53   10684.85    1181.40       0.62
min    1645080116573.00       -5599.00      -32768.00       -4917.00  -24163.00  -28994.00  -22216.00   24406.00   25732.00    1597.00     305.78
25%    1645085546299.25       -3496.00         171.00        1502.00    -316.00    -157.00     116.00   84136.00  107159.00    5206.00     308.30
50%    1645090978105.50       -2111.00         300.00        1803.00    -298.00    -133.00     125.00   90895.00  110485.00    6175.00     308.69
75%    1645096406673.25        3026.00         694.00        2471.00    -284.00    -111.00     135.00  101570.00  112660.00    7092.00     308.93
max    1650593889655.00       10192.00        2714.00       24576.00   18527.00   27605.00   32364.00  122104.00  131071.00    9206.00     310.10

Calculated Metrics:
TST (min): 304.50
Total Awake Time (min): 51.50
Sleep/Awake Ratio: 5.91

========================================

Subject ID: california-00011978-right-sync.csv

DataFrame Summary:
              unixTimes accelerometerX accelerometerY accelerometerZ gyroscopeX gyroscopeY gyroscopeZ      ledIR     ledRed   ledGreen tempObject
count        1312005.00      659077.00      659077.00      659077.00  659077.00  659077.00  659077.00  647688.00  647688.00  647688.00    5240.00
mean   1648110761506.62         919.19         -78.04        -257.96      16.13    -231.28      59.05  102704.27  118711.97    7830.72     307.50
std          7566151.53        2002.25         638.67        3397.34     608.13     910.18     732.61    6931.44    5212.08    1226.32       0.78
min    1648097694540.00      -32768.00       -6678.00       -9147.00  -23259.00  -32768.00  -32768.00   59020.00   57393.00    5269.00     304.47
25%    1648104208214.00        -961.00        -123.00       -3812.00      -1.00    -253.00      48.00   96887.00  115350.00    6648.00     307.12
50%    1648110716798.00        1520.00          92.00       -1068.00      15.00    -232.00      57.00  103070.00  116814.00    7746.00     307.46
75%    1648117349429.00        2449.00         212.00        3411.00      30.00    -208.00      66.00  108512.00  122423.25    8841.00     307.83
max    1648123856668.00       14912.00        3850.00       25740.00   28849.00   32767.00   32290.00  123409.00  134539.00   11104.00     316.25

Calculated Metrics:
TST (min): 207.74
Total Awake Time (min): 228.06
Sleep/Awake Ratio: 0.91

========================================

Subject ID: california-00000234-right-sync.csv

DataFrame Summary:
              unixTimes accelerometerX accelerometerY accelerometerZ gyroscopeX gyroscopeY gyroscopeZ      ledIR     ledRed   ledGreen tempObject
count        1194805.00      596828.00      596828.00      596828.00  596828.00  596828.00  596828.00  593184.00  593184.00  593184.00    4793.00
mean   1651223510427.26        -382.59         153.53        2147.17    -204.44     -56.67     132.19   87411.30   91380.34    6507.08     305.02
std          6862112.13        1750.14        1467.44        2575.53     594.63    1040.03     776.58   44805.91   41957.68    3278.67       4.25
min    1651211624599.00      -14402.00      -13398.00       -7972.00  -32768.00  -32768.00  -32768.00     633.00     420.00      78.00     294.03
25%    1651217567630.00       -1439.00          50.00         527.00    -229.00     -75.00     125.00   60946.75   58119.00    4837.00     306.01
50%    1651223510652.00        -517.00         549.00        3472.00    -218.00     -62.00     132.00  110243.00  109801.00    7993.00     307.05
75%    1651229453382.00         249.00         983.00        3852.00    -201.00     -43.00     139.00  119566.00  124834.00    8905.00     307.53
max    1651235394995.00       11178.00        6435.00       11681.00   32767.00   32767.00   32767.00  139475.00  136803.00   11612.00     308.19

Calculated Metrics:
TST (min): 125.50
Total Awake Time (min): 246.18
Sleep/Awake Ratio: 0.51

========================================

Subject ID: california-00000227-right-sync.csv

DataFrame Summary:
              unixTimes accelerometerX accelerometerY accelerometerZ gyroscopeX gyroscopeY gyroscopeZ      ledIR     ledRed   ledGreen tempObject
count        1106707.00      552838.00      552838.00      552838.00  552838.00  552838.00  552838.00  549430.00  549430.00  549430.00    4439.00
mean   1650531621757.69        1219.82         299.30        1026.11    -293.58    -122.87     126.62   64178.13  105950.32    2893.04     308.10
std          6357738.09        1335.71         508.49        3464.36     540.73    1004.61     462.26   17967.10   18395.72    2240.34       1.99
min    1650520609860.00      -21245.00       -5726.00      -23498.00  -32768.00  -32768.00  -32768.00     562.00     399.00      75.00     291.41
25%    1650526115113.50         477.00         164.00       -3439.00    -312.00    -142.00     118.00   57311.00  101911.00    2064.00     308.00
50%    1650531621927.00         952.00         432.00        2948.00    -297.00    -125.00     126.00   64806.00  108292.00    2763.00     308.54
75%    1650537127763.00        2435.00         619.00        3933.00    -278.00    -105.00     136.00   69152.00  112471.00    3213.00     308.94
max    1650542635254.00        8027.00       11599.00       32767.00   32767.00   32767.00   32767.00  196475.00  212490.00   22849.00     309.54

Calculated Metrics:
TST (min): 235.00
Total Awake Time (min): 119.70
Sleep/Awake Ratio: 1.96

========================================

Subject ID: california-00011955-right-sync.csv

DataFrame Summary:
              unixTimes accelerometerX accelerometerY accelerometerZ gyroscopeX gyroscopeY gyroscopeZ      ledIR     ledRed   ledGreen tempObject
count        1353494.00      679946.00      679946.00      679946.00  679946.00  679946.00  679946.00  668140.00  668140.00  668140.00    5408.00
mean   1645176956115.98        2592.21        -344.00       -1386.33    -160.42     -28.07      68.38   89451.73  123780.23    5406.89     306.55
std          7752611.02        1572.56        1243.40        2007.65     409.90     498.42     419.46   11163.33   11610.24     883.61       1.32
min    1645163528555.00       -8353.00      -13114.00      -16717.00  -32768.00  -32768.00  -32768.00     718.00     763.00     147.00     291.04
25%    1645170242235.50        1453.00        -680.00       -3009.00    -170.00     -44.00      59.00   87626.00  124122.00    4931.00     306.33
50%    1645176956101.00        3220.00         400.00       -1256.00    -160.00     -28.00      67.00   90231.00  125428.00    5414.00     306.67
75%    1645183670246.75        3931.00         541.00         553.00    -151.00     -11.00      75.00   93403.00  126312.00    5960.00     306.98
max    1645190383755.00       12139.00        6672.00        3810.00   32767.00   32767.00   32767.00  114997.00  134150.00    9383.00     319.07

Calculated Metrics:
TST (min): 353.00
Total Awake Time (min): 71.50
Sleep/Awake Ratio: 4.94

========================================

